           0           6           6           6           6           6           6           6           6           6           6           6           6           6           6           6           6           6           6           1           1           1           1           1           1           1           1           1           1           1           1
     6      0.0000      2.6674      4.6141      5.3270      4.5954      2.6803      4.7215      7.1715      9.3355      9.7200      8.1184      5.4516      4.7214      7.1418      8.0983      7.1532      4.7461      2.7713      4.0909      6.4613      7.3755      6.4565      7.8340     11.1442     11.7163      9.3364      8.8028     10.1468      8.7880      5.1715
     6      2.6674      0.0000      2.6104      4.5418      5.2243      4.5954      7.1418      9.3413     11.7003     12.3126     10.7846      8.1184      7.1715      9.3413      9.7610      8.1708      5.5604      4.7460      2.0429      4.0436      6.4037      7.2667      9.5785     13.3820     14.3290     11.9794     11.1644     11.7660      9.3563      4.9248
     6      4.6141      2.6104      0.0000      2.6441      4.5418      5.3269      8.0983      9.7610     12.3179     13.4252     12.3126      9.7200      9.3354     11.7004     12.3179     10.7812      8.1708      7.1532      4.0018      2.0486      4.0836      6.3739      9.4396     13.7315     15.4738     13.7646     13.4133     14.3383     11.9259      7.4126
     6      5.3270      4.5418      2.6441      0.0000      2.6104      4.6140      7.1531      8.1708     10.7811     12.3179     11.7003      9.3354      9.7200     12.3126     13.4253     12.3180      9.7611      8.0983      6.3739      4.0836      2.0486      4.0017      7.4125     11.9258     14.3383     13.4133     13.7646     15.4738     13.7316      9.4397
     6      4.5954      5.2243      4.5418      2.6104      0.0000      2.6674      4.7460      5.5604      8.1708      9.7610      9.3413      7.1715      8.1184     10.7846     12.3126     11.7004      9.3414      7.1419      7.2667      6.4037      4.0435      2.0429      4.9246      9.3562     11.7659     11.1644     11.9794     14.3291     13.3821      9.5787
     6      2.6803      4.5954      5.3269      4.6140      2.6674      0.0000      2.7713      4.7460      7.1531      8.0983      7.1418      4.7214      5.4516      8.1184      9.7200      9.3355      7.1716      4.7215      6.4564      7.3755      6.4613      4.0909      5.1714      8.7880     10.1468      8.8028      9.3364     11.7164     11.1443      7.8341
     6      4.7215      7.1418      8.0983      7.1531      4.7460      2.7713      0.0000      2.6675      4.6141      5.3270      4.5954      2.6803      4.7215      7.1715      9.3355      9.7200      8.1185      5.4517      8.8028     10.1468      8.7879      5.1713      4.0910      6.4613      7.3755      6.4564      7.8339     11.1442     11.7164      9.3366
     6      7.1715      9.3413      9.7610      8.1708      5.5604      4.7460      2.6675      0.0000      2.6104      4.5418      5.2243      4.5954      7.1418      9.3413     11.7004     12.3127     10.7847      8.1185     11.1643     11.7659      9.3561      4.9246      2.0429      4.0436      6.4037      7.2667      9.5785     13.3820     14.3291     11.9796
     6      9.3355     11.7003     12.3179     10.7811      8.1708      7.1531      4.6141      2.6104      0.0000      2.6441      4.5418      5.3269      8.0983      9.7610     12.3179     13.4252     12.3127      9.7200     13.4132     14.3383     11.9257      7.4124      4.0018      2.0486      4.0836      6.3740      9.4395     13.7315     15.4738     13.7647
     6      9.7200     12.3126     13.4252     12.3179      9.7610      8.0983      5.3270      4.5418      2.6441      0.0000      2.6104      4.6140      7.1532      8.1707     10.7811     12.3179     11.7004      9.3355     13.7645     15.4738     13.7315      9.4396      6.3740      4.0836      2.0486      4.0018      7.4123     11.9257     14.3383     13.4134
     6      8.1184     10.7846     12.3126     11.7003      9.3413      7.1418      4.5954      5.2243      4.5418      2.6104      0.0000      2.6675      4.7460      5.5603      8.1707      9.7610      9.3413      7.1715     11.9794     14.3290     13.3820      9.5785      7.2667      6.4037      4.0436      2.0429      4.9245      9.3561     11.7659     11.1644
     6      5.4516      8.1184      9.7200      9.3354      7.1715      4.7214      2.6803      4.5954      5.3269      4.6140      2.6675      0.0000      2.7713      4.7460      7.1531      8.0983      7.1419      4.7215      9.3364     11.7163     11.1442      7.8340      6.4565      7.3755      6.4613      4.0909      5.1713      8.7879     10.1468      8.8030
     6      4.7214      7.1715      9.3354      9.7200      8.1184      5.4516      4.7215      7.1418      8.0983      7.1532      4.7460      2.7713      0.0000      2.6674      4.6140      5.3270      4.5954      2.6803      7.8339     11.1442     11.7163      9.3364      8.8029     10.1468      8.7880      5.1713      4.0909      6.4613      7.3755      6.4565
     6      7.1418      9.3413     11.7004     12.3126     10.7846      8.1184      7.1715      9.3413      9.7610      8.1707      5.5603      4.7460      2.6674      0.0000      2.6104      4.5418      5.2243      4.5954      9.5785     13.3820     14.3290     11.9795     11.1644     11.7659      9.3561      4.9245      2.0429      4.0436      6.4037      7.2668
     6      8.0983      9.7610     12.3179     13.4253     12.3126      9.7200      9.3355     11.7004     12.3179     10.7811      8.1707      7.1531      4.6140      2.6104      0.0000      2.6441      4.5418      5.3270      9.4396     13.7316     15.4738     13.7646     13.4133     14.3382     11.9257      7.4123      4.0018      2.0486      4.0836      6.3740
     6      7.1532      8.1708     10.7812     12.3180     11.7004      9.3355      9.7200     12.3127     13.4252     12.3179      9.7610      8.0983      5.3270      4.5418      2.6441      0.0000      2.6104      4.6141      7.4125     11.9258     14.3384     13.4133     13.7647     15.4738     13.7315      9.4395      6.3740      4.0836      2.0486      4.0018
     6      4.7461      5.5604      8.1708      9.7611      9.3414      7.1716      8.1185     10.7847     12.3127     11.7004      9.3413      7.1419      4.5954      5.2243      4.5418      2.6104      0.0000      2.6675      4.9246      9.3562     11.7660     11.1645     11.9796     14.3291     13.3821      9.5785      7.2667      6.4037      4.0435      2.0430
     6      2.7713      4.7460      7.1532      8.0983      7.1419      4.7215      5.4517      8.1185      9.7200      9.3355      7.1715      4.7215      2.6803      4.5954      5.3270      4.6141      2.6675      0.0000      5.1713      8.7880     10.1469      8.8029      9.3365     11.7164     11.1442      7.8340      6.4564      7.3755      6.4613      4.0910
     1      4.0909      2.0429      4.0018      6.3739      7.2667      6.4564      8.8028     11.1643     13.4132     13.7645     11.9794      9.3364      7.8339      9.5785      9.4396      7.4125      4.9246      5.1713      0.0000      4.5959      8.0657      9.3087     11.5458     15.1809     15.7322     12.9196     11.5457     11.3282      8.2069      3.6111
     1      6.4613      4.0436      2.0486      4.0836      6.4037      7.3755     10.1468     11.7659     14.3383     15.4738     14.3290     11.7163     11.1442     13.3820     13.7316     11.9258      9.3562      8.7880      4.5959      0.0000      4.7197      8.0657     11.3282     15.7037     17.5223     15.7323     15.1810     15.7038     12.8028      8.2069
     1      7.3755      6.4037      4.0836      2.0486      4.0435      6.4613      8.7879      9.3561     11.9257     13.7315     13.3820     11.1442     11.7163     14.3290     15.4738     14.3384     11.7660     10.1469      8.0657      4.7197      0.0000      4.5958      8.2068     12.8027     15.7037     15.1810     15.7322     17.5223     15.7038     11.3284
     1      6.4565      7.2667      6.3739      4.0017      2.0429      4.0909      5.1713      4.9246      7.4124      9.4396      9.5785      7.8340      9.3364     11.9795     13.7646     13.4133     11.1645      8.8029      9.3087      8.0657      4.5958      0.0000      3.6110      8.2068     11.3282     11.5458     12.9197     15.7323     15.1811     11.5460
     1      7.8340      9.5785      9.4396      7.4125      4.9246      5.1714      4.0910      2.0429      4.0018      6.3740      7.2667      6.4565      8.8029     11.1644     13.4133     13.7647     11.9796      9.3365     11.5458     11.3282      8.2068      3.6110      0.0000      4.5959      8.0657      9.3088     11.5457     15.1810     15.7324     12.9199
     1     11.1442     13.3820     13.7315     11.9258      9.3562      8.7880      6.4613      4.0436      2.0486      4.0836      6.4037      7.3755     10.1468     11.7659     14.3382     15.4738     14.3291     11.7164     15.1809     15.7037     12.8027      8.2068      4.5959      0.0000      4.7196      8.0657     11.3281     15.7037     17.5223     15.7324
     1     11.7163     14.3290     15.4738     14.3383     11.7659     10.1468      7.3755      6.4037      4.0836      2.0486      4.0436      6.4613      8.7880      9.3561     11.9257     13.7315     13.3821     11.1442     15.7322     17.5223     15.7037     11.3282      8.0657      4.7196      0.0000      4.5959      8.2067     12.8026     15.7037     15.1811
     1      9.3364     11.9794     13.7646     13.4133     11.1644      8.8028      6.4564      7.2667      6.3740      4.0018      2.0429      4.0909      5.1713      4.9245      7.4123      9.4395      9.5785      7.8340     12.9196     15.7323     15.1810     11.5458      9.3088      8.0657      4.5959      0.0000      3.6108      8.2067     11.3281     11.5458
     1      8.8028     11.1644     13.4133     13.7646     11.9794      9.3364      7.8339      9.5785      9.4395      7.4123      4.9245      5.1713      4.0909      2.0429      4.0018      6.3740      7.2667      6.4564     11.5457     15.1810     15.7322     12.9197     11.5457     11.3281      8.2067      3.6108      0.0000      4.5959      8.0657      9.3088
     1     10.1468     11.7660     14.3383     15.4738     14.3291     11.7164     11.1442     13.3820     13.7315     11.9257      9.3561      8.7879      6.4613      4.0436      2.0486      4.0836      6.4037      7.3755     11.3282     15.7038     17.5223     15.7323     15.1810     15.7037     12.8026      8.2067      4.5959      0.0000      4.7196      8.0657
     1      8.7880      9.3563     11.9259     13.7316     13.3821     11.1443     11.7164     14.3291     15.4738     14.3383     11.7659     10.1468      7.3755      6.4037      4.0836      2.0486      4.0435      6.4613      8.2069     12.8028     15.7038     15.1811     15.7324     17.5223     15.7037     11.3281      8.0657      4.7196      0.0000      4.5958
     1      5.1715      4.9248      7.4126      9.4397      9.5787      7.8341      9.3366     11.9796     13.7647     13.4134     11.1644      8.8030      6.4565      7.2668      6.3740      4.0018      2.0430      4.0910      3.6111      8.2069     11.3284     11.5460     12.9199     15.7324     15.1811     11.5458      9.3088      8.0657      4.5958      0.0000
